two_category_alpha:	0.30642526084731814
correct_incorrect_alpha:	0.34176899192985866
three_category_alpha:	0.6809002976110177
five_category_alpha:	0.341301603846496
