two_category_alpha:	0.3565532929424763
correct_incorrect_alpha:	0.39164127985894404
three_category_alpha:	0.6812782341892671
five_category_alpha:	0.34740821939981714
